#5
Soul Blade
[23, 4294967295, 0, 7, 6, 4294967295, 4294967295, 4294967295, 0, 0, 0, 0, 0, 0, 50]


#6
Flame Blade (Fire)
[537, 4294967295, 0, 8, 4294967295, 7, 4294967295, 4294967295, 10, 20, 10, 10, 10, 2, 50]


#7
High Tide (Water)
[533, 4294967295, 0, 9, 4294967295, 7, 4294967295, 4294967295, 10, 10, 20, 20, 10, 5, 50]


#8
Storm Seeker (Wind)
[543, 4294967295, 0, 10, 11, 8, 4294967295, 4294967295, 10, 10, 10, 10, 20, 3, 50]


#9
Thunder Recreation (Lightning)
[534, 4294967295, 0, 12, 13, 8, 4294967295, 4294967295, 10, 20, 10, 10, 20, 6, 50]


#10
Thunder Blade (Lightning)
[548, 4294967295, 0, 14, 4294967295, 9, 4294967295, 4294967295, 10, 20, 10, 10, 20, 6, 50]


#11
Earth Blade (Earth)
[542, 4294967295, 0, 15, 4294967295, 9, 4294967295, 4294967295, 10, 10, 20, 10, 10, 1, 50]


#12
Dark Edge (Darkness)
[536, 4294967295, 0, 16, 4294967295, 9, 4294967295, 4294967295, 10, 20, 20, 10, 10, 4, 50]


#13
Instant Edge (Heaven)
[541, 4294967295, 0, 17, 4294967295, 9, 4294967295, 4294967295, 20, 10, 10, 10, 20, 7, 50]


#14
Light Sword (Heaven)
[544, 4294967295, 0, 18, 19, 6, 4294967295, 4294967295, 10, 10, 20, 10, 20, 7, 50]


#15
Chaos Sword (Darkness)
[535, 4294967295, 0, 20, 21, 6, 4294967295, 4294967295, 10, 20, 20, 10, 10, 4, 50]


#16
Hurricane Sword (Wind)
[538, 4294967295, 0, 22, 23, 6, 4294967295, 4294967295, 10, 10, 10, 10, 20, 3, 50]


#17
Mountain Tremble Sword (Earth)
[539, 4294967295, 0, 24, 25, 6, 4294967295, 4294967295, 20, 10, 20, 10, 10, 1, 50]


#18
Excalibur (Water)
[540, 4294967295, 0, 5, 4294967295, 12, 4294967295, 4294967295, 20, 20, 20, 20, 20, 5, 50]


#19
Durendal (Earth)
[545, 4294967295, 0, 5, 4294967295, 12, 4294967295, 4294967295, 20, 20, 20, 20, 20, 1, 50]


#20
Storm Bringer (Lightning)
[551, 4294967295, 0, 5, 4294967295, 12, 4294967295, 4294967295, 20, 20, 20, 20, 20, 6, 50]


#21
Balisarda (Water)
[553, 4294967295, 0, 5, 4294967295, 12, 4294967295, 4294967295, 20, 20, 20, 20, 20, 5, 50]


#22
Emanating Heat (Fire)
[547, 4294967295, 0, 5, 4294967295, 12, 4294967295, 4294967295, 20, 20, 20, 20, 20, 2, 50]


#23
Shadow (Earth)
[550, 4294967295, 0, 5, 4294967295, 12, 4294967295, 4294967295, 20, 20, 20, 20, 20, 1, 50]


#24
Wind Wall (Wind)
[546, 4294967295, 0, 5, 4294967295, 12, 4294967295, 4294967295, 20, 20, 20, 20, 20, 3, 50]


#25
Eternity (Fire)
[552, 4294967295, 0, 5, 4294967295, 12, 4294967295, 4294967295, 20, 20, 20, 20, 20, 2, 50]


#26
Simple Staff
[36, 4294967295, 1, 27, 28, 4294967295, 4294967295, 4294967295, 0, 0, 0, 0, 0, 0, 50]


#27
Thunder Staff (Lightning)
[630, 4294967295, 1, 29, 4294967295, 25, 4294967295, 4294967295, 10, 20, 10, 10, 20, 6, 50]


#28
Growing Flame (Fire)
[645, 4294967295, 1, 30, 4294967295, 25, 4294967295, 4294967295, 10, 30, 10, 10, 10, 2, 50]


#29
Ice Staff (Water)
[631, 4294967295, 1, 31, 32, 26, 4294967295, 4294967295, 10, 10, 20, 20, 10, 5, 50]


#30
Windmill (Wind)
[632, 4294967295, 1, 33, 34, 26, 4294967295, 4294967295, 10, 10, 10, 10, 20, 3, 50]


#31
Wind Rod (Wind)
[641, 4294967295, 1, 35, 4294967295, 28, 4294967295, 4294967295, 10, 10, 10, 10, 20, 3, 50]


#32
Dark Rod (Darkness)
[643, 4294967295, 1, 32, 4294967295, 28, 4294967295, 4294967295, 10, 20, 20, 10, 10, 4, 50]


#33
Light Staff (Heaven)
[637, 4294967295, 1, 37, 4294967295, 28, 4294967295, 4294967295, 10, 10, 20, 10, 20, 7, 50]


#34
Rupture Staff (Earth)
[642, 4294967295, 1, 38, 4294967295, 28, 4294967295, 4294967295, 10, 10, 20, 10, 10, 1, 50]


#35
Earth Rod (Earth)
[644, 4294967295, 1, 39, 40, 4294967295, 4294967295, 4294967295, 10, 10, 10, 20, 10, 1, 50]


#36
Light Rod (Heaven)
[646, 4294967295, 1, 41, 42, 4294967295, 4294967295, 4294967295, 10, 10, 10, 20, 20, 7, 50]


#37
Wire Snake Sword(Darkness)
[635, 4294967295, 1, 43, 44, 4294967295, 4294967295, 4294967295, 10, 20, 20, 20, 10, 4, 50]


#38
Ice Whip (Water)
[633, 4294967295, 1, 45, 46, 4294967295, 4294967295, 4294967295, 10, 10, 10, 10, 10, 5, 50]


#39
Wizard Rod (Fire)
[639, 4294967295, 1, 26, 4294967295, 24, 4294967295, 4294967295, 10, 20, 10, 10, 10, 2, 50]


#40
Sorceress Soul (Darkness)
[638, 4294967295, 1, 26, 4294967295, 24, 4294967295, 4294967295, 15, 20, 20, 10, 30, 4, 50]


#41
Storm Scepter (Wind)
[640, 4294967295, 1, 26, 4294967295, 24, 4294967295, 4294967295, 15, 15, 15, 15, 20, 3, 50]


#42
Bahamut (Fire)
[637, 4294967295, 1, 26, 4294967295, 24, 4294967295, 4294967295, 20, 20, 10, 20, 10, 2, 50]


#43
Scepter of Earth (Earth)
[636, 4294967295, 1, 26, 4294967295, 24, 4294967295, 4294967295, 10, 15, 10, 35, 20, 1, 50]


#44
Thunder Scepter (Lightning)
[647, 4294967295, 1, 26, 4294967295, 24, 4294967295, 4294967295, 10, 10, 10, 20, 20, 6, 50]


#45
Insignia of the Thunder God (Lightning)
[648, 4294967295, 1, 26, 4294967295, 24, 4294967295, 4294967295, 10, 10, 10, 10, 20, 6, 50]


#46
Insignia of the Sun God (Heaven)
[649, 4294967295, 1, 26, 4294967295, 24, 4294967295, 4294967295, 15, 15, 10, 10, 20, 7, 50]


#47
Death Side
[77, 4294967295, 6, 48, 49, 4294967295, 4294967295, 4294967295, 0, 0, 0, 0, 0, 0, 50]


#48
Thunder Side (Lightning)
[601, 4294967295, 6, 50, 4294967295, 55, 4294967295, 4294967295, 10, 10, 15, 10, 20, 6, 50]


#49
Ice Side (Water)
[605, 4294967295, 6, 51, 4294967295, 55, 4294967295, 4294967295, 5, 5, 10, 10, 20, 5, 50]


#50
Storm Side (Wind)
[600, 4294967295, 6, 52, 53, 58, 4294967295, 4294967295, 10, 20, 10, 10, 20, 3, 50]


#51
Dark Side (Darkness)
[599, 4294967295, 6, 54, 55, 58, 4294967295, 4294967295, 20, 20, 10, 10, 10, 4, 50]


#52
Grim Reaper's Teeth (Darkness)
[604, 4294967295, 6, 47, 4294967295, 57, 4294967295, 4294967295, 20, 10, 20, 20, 20, 4, 50]


#53
Aquarius (Water)
[602, 4294967295, 6, 47, 4294967295, 57, 4294967295, 4294967295, 15, 20, 20, 20, 15, 5, 50]


#54
Thunder Storm (Lightning)
[607, 4294967295, 6, 47, 4294967295, 57, 4294967295, 4294967295, 10, 20, 10, 10, 20, 6, 50]


#55
Death Blade (Darkness)
[603, 4294967295, 6, 47, 4294967295, 57, 4294967295, 4294967295, 10, 20, 20, 0, 10, 4, 50]


#56
True Sword
[595, 4294967295, 20, 56, 4294967295, 4294967295, 4294967295, 4294967295, 0, 0, 0, 0, 0, 0, 50]


#57
Faucet
[4294967295, 4294967295, 5, 58, 4294967295, 4294967295, 4294967295, 4294967295, 0, 0, 0, 0, 0, 0, 50]


#58
Sound Barrier (Wind)
[4294967295, 4294967295, 5, 59, 60, 49, 4294967295, 4294967295, 20, 20, 10, 10, 20, 3, 50]


#59
Heavenly Desire (Earth)
[4294967295, 4294967295, 5, 57, 4294967295, 48, 4294967295, 4294967295, 20, 10, 20, 10, 20, 1, 50]


#60
Meteor Shower (Heaven)
[4294967295, 4294967295, 5, 57, 4294967295, 48, 4294967295, 4294967295, 10, 10, 20, 10, 20, 7, 50]


#61
Handgun
[33, 4294967295, 2, 62, 63, 4294967295, 4294967295, 4294967295, 0, 0, 0, 0, 0, 0, 50]


#62
Hand Cannon (Wind)
[610, 4294967295, 2, 64, 4294967295, 31, 4294967295, 4294967295, 10, 10, 10, 10, 20, 3, 50]


#63
Shimmering Cannon (Heaven)
[612, 4294967295, 2, 65, 4294967295, 31, 4294967295, 4294967295, 10, 15, 25, 10, 20, 7, 50]


#64
Earth Shaker (Earth)
[616, 4294967295, 2, 66, 67, 36, 4294967295, 4294967295, 15, 15, 20, 10, 10, 1, 50]


#65
Gun Barrel (Fire)
[615, 4294967295, 2, 68, 69, 36, 4294967295, 4294967295, 5, 30, 5, 15, 15, 2, 50]


#66
Thunder Cannon (Lightning)
[613, 4294967295, 2, 70, 4294967295, 33, 4294967295, 4294967295, 10, 10, 20, 20, 10, 6, 50]


#67
Dark Summer (Darkness)
[611, 4294967295, 2, 71, 4294967295, 33, 4294967295, 4294967295, 10, 20, 20, 10, 20, 4, 50]


#68
Water King's Gun Barrel (Water)
[617, 4294967295, 2, 72, 4294967295, 33, 4294967295, 4294967295, 5, 15, 5, 20, 10, 5, 50]


#69
Sky God's Gun Barrel (Lightning)
[628, 4294967295, 2, 73, 4294967295, 33, 4294967295, 4294967295, 10, 20, 5, 15, 20, 6, 50]


#70
Winker (Fire)
[614, 4294967295, 2, 74, 75, 35, 4294967295, 4294967295, 20, 20, 5, 10, 5, 2, 50]


#71
Asrada (Water)
[624, 4294967295, 2, 76, 77, 35, 4294967295, 4294967295, 20, 20, 10, 10, 20, 5, 50]


#72
Blood Cannon (Darkness)
[619, 4294967295, 2, 78, 79, 35, 4294967295, 4294967295, 20, 10, 10, 10, 20, 4, 50]


#73
Minesweeper (Earth)
[622, 4294967295, 2, 80, 81, 35, 4294967295, 4294967295, 20, 10, 20, 10, 10, 1, 50]


#74
Barista (Heaven)
[620, 4294967295, 2, 61, 4294967295, 32, 4294967295, 4294967295, 15, 15, 10, 15, 10, 7, 50]


#75
Caliper (Darkness)
[621, 4294967295, 2, 61, 4294967295, 32, 4294967295, 4294967295, 10, 10, 20, 10, 20, 4, 50]


#76
Iron Maiden (Darkness)
[627, 4294967295, 2, 61, 4294967295, 32, 4294967295, 4294967295, 10, 10, 20, 20, 10, 4, 50]


#77
Red Baron (Lightning)
[618, 4294967295, 2, 61, 4294967295, 32, 4294967295, 4294967295, 10, 20, 10, 20, 10, 6, 50]


#78
Gust Dragon Cannon (Wind)
[623, 4294967295, 2, 61, 4294967295, 32, 4294967295, 4294967295, 20, 20, 10, 10, 10, 3, 50]


#79
Thunderstrike Brigade (Lightning)
[629, 4294967295, 2, 61, 4294967295, 32, 4294967295, 4294967295, 30, 20, 10, 10, 10, 6, 50]


#80
Squall (Wind)
[628, 4294967295, 2, 61, 4294967295, 32, 4294967295, 4294967295, 20, 10, 10, 10, 20, 3, 50]


#81
Ice Torpedo (Water)
[625, 4294967295, 2, 61, 4294967295, 32, 4294967295, 4294967295, 25, 10, 20, 5, 10, 5, 50]


#82
Protective Talisman
[4294967295, 4294967295, 4, 83, 4294967295, 4294967295, 4294967295, 4294967295, 0, 0, 0, 0, 0, 0, 50]


#83
Super Rich Herb (Fire)
[4294967295, 4294967295, 4, 84, 85, 40, 4294967295, 4294967295, 10, 20, 10, 10, 10, 2, 50]


#84
Celestial Amulet (Wind)
[4294967295, 4294967295, 4, 86, 4294967295, 42, 4294967295, 4294967295, 10, 10, 10, 15, 20, 3, 50]


#85
Sacred Birthplace (Earth)
[4294967295, 4294967295, 4, 87, 4294967295, 42, 4294967295, 4294967295, 20, 10, 15, 15, 15, 1, 50]


#86
Seven Stars (Heaven)
[4294967295, 4294967295, 4, 88, 89, 43, 4294967295, 4294967295, 20, 10, 10, 20, 10, 7, 50]


#87
Quiver (Water)
[4294967295, 4294967295, 4, 90, 91, 43, 4294967295, 4294967295, 10, 20, 10, 10, 20, 5, 50]


#88
Master Wall (Water)
[4294967295, 4294967295, 4, 82, 4294967295, 44, 4294967295, 4294967295, 5, 5, 20, 20, 15, 5, 50]


#89
Exorcist Wall (Darkness)
[4294967295, 4294967295, 4, 82, 4294967295, 44, 4294967295, 4294967295, 20, 10, 10, 20, 10, 4, 50]


#90
Breaker Wall (Wind)
[4294967295, 4294967295, 4, 82, 4294967295, 44, 4294967295, 4294967295, 5, 5, 30, 30, 5, 3, 50]


#91
Slaughter Wall (Darkness)
[4294967295, 4294967295, 4, 82, 4294967295, 44, 4294967295, 4294967295, 25, 25, 10, 10, 10, 4, 50]

