#5
소울 블레이드
[23, 4294967295, 0, 7, 6, 4294967295, 4294967295, 4294967295, 0, 0, 0, 0, 0, 0, 50]


#6
플레임 블레이드(화)
[537, 4294967295, 0, 8, 4294967295, 7, 4294967295, 4294967295, 10, 20, 10, 10, 10, 2, 50]


#7
수월인(수)
[533, 4294967295, 0, 9, 4294967295, 7, 4294967295, 4294967295, 10, 10, 20, 20, 10, 5, 50]


#8
스탐시커(풍)
[543, 4294967295, 0, 10, 11, 8, 4294967295, 4294967295, 10, 10, 10, 10, 20, 3, 50]


#9
뇌전인(전)
[534, 4294967295, 0, 12, 13, 8, 4294967295, 4294967295, 10, 20, 10, 10, 20, 6, 50]


#10
썬더 블레이드(전)
[548, 4294967295, 0, 14, 4294967295, 9, 4294967295, 4294967295, 10, 20, 10, 10, 20, 6, 50]


#11
어스 블레이드(지)
[542, 4294967295, 0, 15, 4294967295, 9, 4294967295, 4294967295, 10, 10, 20, 10, 10, 1, 50]


#12
암흑도(암)
[536, 4294967295, 0, 16, 4294967295, 9, 4294967295, 4294967295, 10, 20, 20, 10, 10, 4, 50]


#13
찰라도(광)
[541, 4294967295, 0, 17, 4294967295, 9, 4294967295, 4294967295, 20, 10, 10, 10, 20, 7, 50]


#14
라이트 소드(광)
[544, 4294967295, 0, 18, 19, 6, 4294967295, 4294967295, 10, 10, 20, 10, 20, 7, 50]


#15
카오스 소드(암)
[535, 4294967295, 0, 20, 21, 6, 4294967295, 4294967295, 10, 20, 20, 10, 10, 4, 50]


#16
폭풍검(풍)
[538, 4294967295, 0, 22, 23, 6, 4294967295, 4294967295, 10, 10, 10, 10, 20, 3, 50]


#17
낙일검(지)
[539, 4294967295, 0, 24, 25, 6, 4294967295, 4294967295, 20, 10, 20, 10, 10, 1, 50]


#18
엑스칼리버(수)
[540, 4294967295, 0, 5, 4294967295, 12, 4294967295, 4294967295, 20, 20, 20, 20, 20, 5, 50]


#19
듀렌달(지)
[545, 4294967295, 0, 5, 4294967295, 12, 4294967295, 4294967295, 20, 20, 20, 20, 20, 1, 50]


#20
스탐블링거(전)
[551, 4294967295, 0, 5, 4294967295, 12, 4294967295, 4294967295, 20, 20, 20, 20, 20, 6, 50]


#21
바리사다(수)
[553, 4294967295, 0, 5, 4294967295, 12, 4294967295, 4294967295, 20, 20, 20, 20, 20, 5, 50]


#22
묵염(화)
[547, 4294967295, 0, 5, 4294967295, 12, 4294967295, 4294967295, 20, 20, 20, 20, 20, 2, 50]


#23
암연(지)
[550, 4294967295, 0, 5, 4294967295, 12, 4294967295, 4294967295, 20, 20, 20, 20, 20, 1, 50]


#24
풍월(풍)
[546, 4294967295, 0, 5, 4294967295, 12, 4294967295, 4294967295, 20, 20, 20, 20, 20, 3, 50]


#25
영겁(화)
[552, 4294967295, 0, 5, 4294967295, 12, 4294967295, 4294967295, 20, 20, 20, 20, 20, 2, 50]


#26
스테프
[36, 4294967295, 1, 27, 28, 4294967295, 4294967295, 4294967295, 0, 0, 0, 0, 0, 0, 50]


#27
썬더 스테프(전)
[630, 4294967295, 1, 29, 4294967295, 25, 4294967295, 4294967295, 10, 20, 10, 10, 20, 6, 50]


#28
열화장(화)
[645, 4294967295, 1, 30, 4294967295, 25, 4294967295, 4294967295, 10, 30, 10, 10, 10, 2, 50]


#29
아이스 스테프(수)
[631, 4294967295, 1, 31, 32, 26, 4294967295, 4294967295, 10, 10, 20, 20, 10, 5, 50]


#30
선풍장(풍)
[632, 4294967295, 1, 33, 34, 26, 4294967295, 4294967295, 10, 10, 10, 10, 20, 3, 50]


#31
윈드로드(풍)
[641, 4294967295, 1, 35, 4294967295, 28, 4294967295, 4294967295, 10, 10, 10, 10, 20, 3, 50]


#32
다크로드(암)
[643, 4294967295, 1, 32, 4294967295, 28, 4294967295, 4294967295, 10, 20, 20, 10, 10, 4, 50]


#33
광명축(광)
[637, 4294967295, 1, 37, 4294967295, 28, 4294967295, 4294967295, 10, 10, 20, 10, 20, 7, 50]


#34
파열축(지)
[642, 4294967295, 1, 38, 4294967295, 28, 4294967295, 4294967295, 10, 10, 20, 10, 10, 1, 50]


#35
어스로드(지)
[644, 4294967295, 1, 39, 40, 4294967295, 4294967295, 4294967295, 10, 10, 10, 20, 10, 1, 50]


#36
라이트로드(광)
[646, 4294967295, 1, 41, 42, 4294967295, 4294967295, 4294967295, 10, 10, 10, 20, 20, 7, 50]


#37
철사곤(암)
[635, 4294967295, 1, 43, 44, 4294967295, 4294967295, 4294967295, 10, 20, 20, 20, 10, 4, 50]


#38
빙격곤(수)
[633, 4294967295, 1, 45, 46, 4294967295, 4294967295, 4294967295, 10, 10, 10, 10, 10, 5, 50]


#39
위자드로드(화)
[639, 4294967295, 1, 26, 4294967295, 24, 4294967295, 4294967295, 10, 20, 10, 10, 10, 2, 50]


#40
소서러스소울(암)
[638, 4294967295, 1, 26, 4294967295, 24, 4294967295, 4294967295, 15, 20, 20, 10, 30, 4, 50]


#41
스탐셉터(풍)
[640, 4294967295, 1, 26, 4294967295, 24, 4294967295, 4294967295, 15, 15, 15, 15, 20, 3, 50]


#42
바하무트(화)
[637, 4294967295, 1, 26, 4294967295, 24, 4294967295, 4294967295, 20, 20, 10, 20, 10, 2, 50]


#43
대지의 홀(지)
[636, 4294967295, 1, 26, 4294967295, 24, 4294967295, 4294967295, 10, 15, 10, 35, 20, 1, 50]


#44
뇌전의 홀(전)
[647, 4294967295, 1, 26, 4294967295, 24, 4294967295, 4294967295, 10, 10, 10, 20, 20, 6, 50]


#45
뇌신의 인(전)
[648, 4294967295, 1, 26, 4294967295, 24, 4294967295, 4294967295, 10, 10, 10, 10, 20, 6, 50]


#46
태양의 인(광)
[649, 4294967295, 1, 26, 4294967295, 24, 4294967295, 4294967295, 15, 15, 10, 10, 20, 7, 50]


#47
데스사이드
[77, 4294967295, 6, 48, 49, 4294967295, 4294967295, 4294967295, 0, 0, 0, 0, 0, 0, 50]


#48
썬더사이드(전)
[601, 4294967295, 6, 50, 4294967295, 55, 4294967295, 4294967295, 10, 10, 15, 10, 20, 6, 50]


#49
프로즌사이드(수)
[605, 4294967295, 6, 51, 4294967295, 55, 4294967295, 4294967295, 5, 5, 10, 10, 20, 5, 50]


#50
스탐사이드(풍)
[600, 4294967295, 6, 52, 53, 58, 4294967295, 4294967295, 10, 20, 10, 10, 20, 3, 50]


#51
블랙사이드(암)
[599, 4294967295, 6, 54, 55, 58, 4294967295, 4294967295, 20, 20, 10, 10, 10, 4, 50]


#52
사신의 이빨(암)
[604, 4294967295, 6, 47, 4294967295, 57, 4294967295, 4294967295, 20, 10, 20, 20, 20, 4, 50]


#53
아쿠아리스(수)
[602, 4294967295, 6, 47, 4294967295, 57, 4294967295, 4294967295, 15, 20, 20, 20, 15, 5, 50]


#54
썬더스탐(전)
[607, 4294967295, 6, 47, 4294967295, 57, 4294967295, 4294967295, 10, 20, 10, 10, 20, 6, 50]


#55
데스블레이드(암)
[603, 4294967295, 6, 47, 4294967295, 57, 4294967295, 4294967295, 10, 20, 20, 0, 10, 4, 50]


#56
참철검
[595, 4294967295, 20, 56, 4294967295, 4294967295, 4294967295, 4294967295, 0, 0, 0, 0, 0, 0, 50]


#57
수전
[4294967295, 4294967295, 5, 58, 4294967295, 4294967295, 4294967295, 4294967295, 0, 0, 0, 0, 0, 0, 50]


#58
소리비도(풍)
[4294967295, 4294967295, 5, 59, 60, 49, 4294967295, 4294967295, 20, 20, 10, 10, 20, 3, 50]


#59
천라지망(지)
[4294967295, 4294967295, 5, 57, 4294967295, 48, 4294967295, 4294967295, 20, 10, 20, 10, 20, 1, 50]


#60
유성우(광)
[4294967295, 4294967295, 5, 57, 4294967295, 48, 4294967295, 4294967295, 10, 10, 20, 10, 20, 7, 50]


#61
핸드건
[33, 4294967295, 2, 62, 63, 4294967295, 4294967295, 4294967295, 0, 0, 0, 0, 0, 0, 50]


#62
핸드캐논(풍)
[610, 4294967295, 2, 64, 4294967295, 31, 4294967295, 4294967295, 10, 10, 10, 10, 20, 3, 50]


#63
철포(광)
[612, 4294967295, 2, 65, 4294967295, 31, 4294967295, 4294967295, 10, 15, 25, 10, 20, 7, 50]


#64
어스퀘이커(지)
[616, 4294967295, 2, 66, 67, 36, 4294967295, 4294967295, 15, 15, 20, 10, 10, 1, 50]


#65
총통(화)
[615, 4294967295, 2, 68, 69, 36, 4294967295, 4294967295, 5, 30, 5, 15, 15, 2, 50]


#66
썬더캐논(전)
[613, 4294967295, 2, 70, 4294967295, 33, 4294967295, 4294967295, 10, 10, 20, 20, 10, 6, 50]


#67
다크써머(암)
[611, 4294967295, 2, 71, 4294967295, 33, 4294967295, 4294967295, 10, 20, 20, 10, 20, 4, 50]


#68
천자총통(수)
[617, 4294967295, 2, 72, 4294967295, 33, 4294967295, 4294967295, 5, 15, 5, 20, 10, 5, 50]


#69
지자총통(전)
[628, 4294967295, 2, 73, 4294967295, 33, 4294967295, 4294967295, 10, 20, 5, 15, 20, 6, 50]


#70
윙커(화)
[614, 4294967295, 2, 74, 75, 35, 4294967295, 4294967295, 20, 20, 5, 10, 5, 2, 50]


#71
아스라다(수)
[624, 4294967295, 2, 76, 77, 35, 4294967295, 4294967295, 20, 20, 10, 10, 20, 5, 50]


#72
육혈포(암)
[619, 4294967295, 2, 78, 79, 35, 4294967295, 4294967295, 20, 10, 10, 10, 20, 4, 50]


#73
지뢰진(지)
[622, 4294967295, 2, 80, 81, 35, 4294967295, 4294967295, 20, 10, 20, 10, 10, 1, 50]


#74
바리스타(광)
[620, 4294967295, 2, 61, 4294967295, 32, 4294967295, 4294967295, 15, 15, 10, 15, 10, 7, 50]


#75
캘리퍼(암)
[621, 4294967295, 2, 61, 4294967295, 32, 4294967295, 4294967295, 10, 10, 20, 10, 20, 4, 50]


#76
아이언메이든(암)
[627, 4294967295, 2, 61, 4294967295, 32, 4294967295, 4294967295, 10, 10, 20, 20, 10, 4, 50]


#77
레드바론(전)
[618, 4294967295, 2, 61, 4294967295, 32, 4294967295, 4294967295, 10, 20, 10, 20, 10, 6, 50]


#78
비룡포(풍)
[623, 4294967295, 2, 61, 4294967295, 32, 4294967295, 4294967295, 20, 20, 10, 10, 10, 3, 50]


#79
비격진천뢰(전)
[629, 4294967295, 2, 61, 4294967295, 32, 4294967295, 4294967295, 30, 20, 10, 10, 10, 6, 50]


#80
풍운락(풍)
[628, 4294967295, 2, 61, 4294967295, 32, 4294967295, 4294967295, 20, 10, 10, 10, 20, 3, 50]


#81
빙한수뢰(수)
[625, 4294967295, 2, 61, 4294967295, 32, 4294967295, 4294967295, 25, 10, 20, 5, 10, 5, 50]


#82
호신부
[4294967295, 4294967295, 4, 83, 4294967295, 4294967295, 4294967295, 4294967295, 0, 0, 0, 0, 0, 0, 50]


#83
초재부(화)
[4294967295, 4294967295, 4, 84, 85, 40, 4294967295, 4294967295, 10, 20, 10, 10, 10, 2, 50]


#84
천중부적(풍)
[4294967295, 4294967295, 4, 86, 4294967295, 42, 4294967295, 4294967295, 10, 10, 10, 15, 20, 3, 50]


#85
생자부(지)
[4294967295, 4294967295, 4, 87, 4294967295, 42, 4294967295, 4294967295, 20, 10, 15, 15, 15, 1, 50]


#86
칠성부(광)
[4294967295, 4294967295, 4, 88, 89, 43, 4294967295, 4294967295, 20, 10, 10, 20, 10, 7, 50]


#87
귀부침불(수)
[4294967295, 4294967295, 4, 90, 91, 43, 4294967295, 4294967295, 10, 20, 10, 10, 20, 5, 50]


#88
벽사부(수)
[4294967295, 4294967295, 4, 82, 4294967295, 44, 4294967295, 4294967295, 5, 5, 20, 20, 15, 5, 50]


#89
구마제사부(암)
[4294967295, 4294967295, 4, 82, 4294967295, 44, 4294967295, 4294967295, 20, 10, 10, 20, 10, 4, 50]


#90
축사부(풍)
[4294967295, 4294967295, 4, 82, 4294967295, 44, 4294967295, 4294967295, 5, 5, 30, 30, 5, 3, 50]


#91
도살부(암)
[4294967295, 4294967295, 4, 82, 4294967295, 44, 4294967295, 4294967295, 25, 25, 10, 10, 10, 4, 50]
